  53.6900    -35.3000     15.0000
  53.9900    -35.5700     15.0000
  53.6800    -35.9100     15.0000
  53.7200    -35.2000     15.0000
  54.3300    -35.1500     12.0000
  54.3000    -35.2000     12.0000
  54.1500    -35.2300     12.0000
  53.9000    -35.1400     12.0000
  54.2100    -35.1900     12.0000
  54.2600    -35.2400     12.0000
  54.2000    -35.2200     12.0000
  53.7800    -35.2500     12.0000
  53.7400    -35.2600     12.0000
  53.9400    -35.1400     12.0000
  53.9100    -35.1700     12.0000
  53.9700    -35.1800     12.4100
  53.8500    -35.1600     12.6300
  53.8400    -35.1600     12.0000
  53.7400    -35.2400     18.2800
  54.2000    -35.3200     13.4700
  54.0100    -35.2500     14.1500
  54.2100    -35.1800     28.3900
  53.6500    -35.1300     18.0900
  54.0200    -35.0900     17.1100
  53.9700    -35.1400     12.0000
  54.0300    -35.1100     12.0000
  53.8900    -35.2200     13.8600
  53.7700    -35.3100     15.8700
  53.7100    -35.2200     12.0000
  53.7700    -35.2200     12.0000
  53.6100    -35.3400     13.5200
  53.9200    -35.2500     12.0000
  54.0900    -35.3500     12.0300
  53.8000    -35.1700     12.0000
  53.7600    -35.2100     12.0000
  53.8100    -35.2300     12.0000
  54.2800    -35.1800     12.5000
  54.0600    -35.2900     27.9100
  54.0200    -35.1800     12.0000
  53.9700    -35.1800     12.0000
  53.9800    -35.2400     12.0000
  54.0600    -35.1800     12.0000
  54.2500    -35.1600     13.0800
  54.2100    -35.1900     12.0000
  54.1400    -35.1700     12.0000
  54.2100    -35.1500     12.0000
  54.3800    -35.1300     12.0000
  54.0400    -35.3800     12.0000
  54.1300    -35.1800     14.1500
  54.2200    -35.1500     13.9000
  54.1800    -35.2300     14.7500
  53.9700    -34.9000     12.0000
  54.1900    -35.2600     13.6800
  54.1600    -35.2900     12.0000
  54.0300    -35.2800     12.0000
  54.1800    -35.1900     12.0000
  53.9000    -35.0700     14.3500
  54.1200    -35.2100     12.0000
  54.0600    -35.1500     12.0000
  54.1100    -35.1000     12.3900
  54.1700    -35.1900     12.0000
  54.2900    -35.2100     12.1900
  54.2700    -35.2100     14.4700
  54.0300    -35.1800     12.0000
  54.1400    -35.1400     12.0000
  54.0900    -35.2600     12.6400
  54.1100    -35.1600     14.2500
  54.0000    -35.1800     12.0000
  54.1900    -35.2600     12.3300
  54.0700    -35.2900     12.0000
  54.0300    -35.2000     12.5100
  54.0200    -35.2600     12.0000
  54.1400    -35.2400     14.1700
  54.0700    -35.3100     12.0000
  54.1200    -35.2200     12.0000
  54.0000    -35.1700     12.0000
  54.0500    -35.1500     12.0000
  54.1700    -35.2500     12.0000
  54.1200    -35.2000     12.0000
  54.1200    -35.2000     13.3900
  54.1400    -35.1600     12.0000
  54.0500    -35.3800     12.0000
  54.1000    -35.2000     12.0000
  54.2700    -35.3200     13.4500
  53.9800    -35.2500     12.0000
  54.0000    -35.2400     12.0000
  54.1100    -35.2100     12.0000
  53.7500    -35.0900     12.0000
  53.9400    -35.0000     12.0000
  54.0000    -35.3800     12.0000
  53.9200    -35.2000     12.0000
  54.0600    -35.3000     13.9800
  53.9900    -35.3700     12.0000
  54.0100    -35.2400     12.0000
  54.1400    -35.1900     12.0000
  53.9000    -35.3300     12.0000
  53.8800    -35.2700     12.8300
  54.0400    -35.3000     13.3200
  53.8700    -35.2100     12.0000
